FRASER HEALTH

Coordinates
[273,374,278,340,305,340,317,368]
----------------------------------------------------------------------

Interior Health 

Coordinates
[320,370,298,329,229,292,232,246,246,246,253,273,320,250,380,265,437,308,454,351]
------------------------------------------------------------------------------------------------------

Northern Health 

Coordinates
[108,276,74,204,129,185,140,139,108,119,57,23,25,39,7,7,305,19,326,223,359,253,317,245,258,262,245,240,190,238,174,253,146,235]
--------------------------------------------------------------------------------------------------------

Vancouver Coastal 

Coordinates
Region 1: [274,372,232,340,246,317,276,320,287,333,275,339]
Region 2: [176,303,148,252,151,231,180,255,188,245,226,245,226,280,212,276,206,296]
----------------------------------------------------------------------------------------------------------

Vancouver Island Health Authority 

Coordinates
[259,392,215,374,166,317,216,289,247,313,226,343,263,381]